<!DOCTYPE html>
<!-- Generated by pkgdown: do not edit by hand --><html lang="en">
<head>
<meta http-equiv="Content-Type" content="text/html; charset=UTF-8">
<meta charset="utf-8">
<meta http-equiv="X-UA-Compatible" content="IE=edge">
<meta name="viewport" content="width=device-width, initial-scale=1.0">
<title>All Types of Correlation Charts using plotly • corrly</title>
<!-- favicons --><link rel="icon" type="image/png" sizes="16x16" href="favicon-16x16.png">
<link rel="icon" type="image/png" sizes="32x32" href="favicon-32x32.png">
<link rel="apple-touch-icon" type="image/png" sizes="180x180" href="apple-touch-icon.png">
<link rel="apple-touch-icon" type="image/png" sizes="120x120" href="apple-touch-icon-120x120.png">
<link rel="apple-touch-icon" type="image/png" sizes="76x76" href="apple-touch-icon-76x76.png">
<link rel="apple-touch-icon" type="image/png" sizes="60x60" href="apple-touch-icon-60x60.png">
<!-- jquery --><script src="https://cdnjs.cloudflare.com/ajax/libs/jquery/3.3.1/jquery.min.js" integrity="sha256-FgpCb/KJQlLNfOu91ta32o/NMZxltwRo8QtmkMRdAu8=" crossorigin="anonymous"></script><!-- Bootstrap --><link rel="stylesheet" href="https://cdnjs.cloudflare.com/ajax/libs/twitter-bootstrap/3.3.7/css/bootstrap.min.css" integrity="sha256-916EbMg70RQy9LHiGkXzG8hSg9EdNy97GazNG/aiY1w=" crossorigin="anonymous">
<script src="https://cdnjs.cloudflare.com/ajax/libs/twitter-bootstrap/3.3.7/js/bootstrap.min.js" integrity="sha256-U5ZEeKfGNOja007MMD3YBI0A3OSZOQbeG6z2f2Y0hu8=" crossorigin="anonymous"></script><!-- Font Awesome icons --><link rel="stylesheet" href="https://cdnjs.cloudflare.com/ajax/libs/font-awesome/5.7.1/css/all.min.css" integrity="sha256-nAmazAk6vS34Xqo0BSrTb+abbtFlgsFK7NKSi6o7Y78=" crossorigin="anonymous">
<link rel="stylesheet" href="https://cdnjs.cloudflare.com/ajax/libs/font-awesome/5.7.1/css/v4-shims.min.css" integrity="sha256-6qHlizsOWFskGlwVOKuns+D1nB6ssZrHQrNj1wGplHc=" crossorigin="anonymous">
<!-- clipboard.js --><script src="https://cdnjs.cloudflare.com/ajax/libs/clipboard.js/2.0.4/clipboard.min.js" integrity="sha256-FiZwavyI2V6+EXO1U+xzLG3IKldpiTFf3153ea9zikQ=" crossorigin="anonymous"></script><!-- headroom.js --><script src="https://cdnjs.cloudflare.com/ajax/libs/headroom/0.9.4/headroom.min.js" integrity="sha256-DJFC1kqIhelURkuza0AvYal5RxMtpzLjFhsnVIeuk+U=" crossorigin="anonymous"></script><script src="https://cdnjs.cloudflare.com/ajax/libs/headroom/0.9.4/jQuery.headroom.min.js" integrity="sha256-ZX/yNShbjqsohH1k95liqY9Gd8uOiE1S4vZc+9KQ1K4=" crossorigin="anonymous"></script><!-- pkgdown --><link href="pkgdown.css" rel="stylesheet">
<script src="pkgdown.js"></script><meta property="og:title" content="All Types of Correlation Charts using plotly">
<meta property="og:description" content="This is a Data Visualization Package For all types of Correlation.">
<meta property="og:image" content="/logo.png">
<meta name="twitter:card" content="summary">
<!-- mathjax --><script src="https://cdnjs.cloudflare.com/ajax/libs/mathjax/2.7.5/MathJax.js" integrity="sha256-nvJJv9wWKEm88qvoQl9ekL2J+k/RWIsaSScxxlsrv8k=" crossorigin="anonymous"></script><script src="https://cdnjs.cloudflare.com/ajax/libs/mathjax/2.7.5/config/TeX-AMS-MML_HTMLorMML.js" integrity="sha256-84DKXVJXs0/F8OTMzX4UR909+jtl4G7SPypPavF+GfA=" crossorigin="anonymous"></script><!--[if lt IE 9]>
<script src="https://oss.maxcdn.com/html5shiv/3.7.3/html5shiv.min.js"></script>
<script src="https://oss.maxcdn.com/respond/1.4.2/respond.min.js"></script>
<![endif]-->
</head>
<body>
    <div class="container template-home">
      <header><div class="navbar navbar-default navbar-fixed-top" role="navigation">
  <div class="container">
    <div class="navbar-header">
      <button type="button" class="navbar-toggle collapsed" data-toggle="collapse" data-target="#navbar" aria-expanded="false">
        <span class="sr-only">Toggle navigation</span>
        <span class="icon-bar"></span>
        <span class="icon-bar"></span>
        <span class="icon-bar"></span>
      </button>
      <span class="navbar-brand">
        <a class="navbar-link" href="index.html">corrly</a>
        <span class="version label label-default" data-toggle="tooltip" data-placement="bottom" title="Released version">2.0</span>
      </span>
    </div>

    <div id="navbar" class="navbar-collapse collapse">
      <ul class="nav navbar-nav">
<li>
  <a href="index.html">
    <span class="fas fa fas fa-home fa-lg"></span>
     
  </a>
</li>
<li>
  <a href="reference/index.html">Reference</a>
</li>
      </ul>
<ul class="nav navbar-nav navbar-right"></ul>
</div>
<!--/.nav-collapse -->
  </div>
<!--/.container -->
</div>
<!--/.navbar -->

      

      </header><div class="row">
  <div class="contents col-md-9">
<div id="section" class="section level1">
<div class="page-header"><h1 class="hasAnchor">
<a href="#section" class="anchor"></a><a href="https://kmaheshkulkarni.github.io/corrly/"><img src="reference/figures/logo.png" align="right" alt="" width="250"></a>
</h1></div>
<div id="corrly-is-a-data-visualization-package-for-all-types-of-quality-cntrol-charts-for-manufacturing-process" class="section level3">
<h3 class="hasAnchor">
<a href="#corrly-is-a-data-visualization-package-for-all-types-of-quality-cntrol-charts-for-manufacturing-process" class="anchor"></a>Corrly is a Data Visualization Package For All Types of Quality Cntrol Charts for Manufacturing Process.</h3>
</div>
<div id="install-corrly" class="section level2">
<h2 class="hasAnchor">
<a href="#install-corrly" class="anchor"></a>Install Corrly</h2>
<div class="sourceCode" id="cb1"><pre class="sourceCode r"><code class="sourceCode r"><a class="sourceLine" id="cb1-1" title="1"><span class="kw"><a href="https://rdrr.io/r/base/library.html">library</a></span>(plotly)</a>
<a class="sourceLine" id="cb1-2" title="2"><span class="kw"><a href="https://rdrr.io/r/base/library.html">library</a></span>(htmltools)</a>
<a class="sourceLine" id="cb1-3" title="3"><span class="kw"><a href="https://rdrr.io/r/base/library.html">library</a></span>(corrlY)</a>
<a class="sourceLine" id="cb1-4" title="4"><span class="co"># install.packages("devtools")</span></a>
<a class="sourceLine" id="cb1-5" title="5"><span class="co">#devtools::install_github("maheshKulkarniX/corrlY")</span></a></code></pre></div>
</div>
<div id="correlation-coeficient-using-kendall-method" class="section level2">
<h2 class="hasAnchor">
<a href="#correlation-coeficient-using-kendall-method" class="anchor"></a>correlation Coeficient using kendall Method</h2>
<div class="sourceCode" id="cb2"><pre class="sourceCode r"><code class="sourceCode r"><a class="sourceLine" id="cb2-1" title="1"><span class="co"># source("R/corr_coef_kendall.R")</span></a>
<a class="sourceLine" id="cb2-2" title="2"><span class="co"># Example: </span></a>
<a class="sourceLine" id="cb2-3" title="3"><span class="kw">corr_coef_kendall</span>(<span class="dt">variable1=</span> mtcars<span class="op">$</span>cyl, <span class="dt">variable2=</span>mtcars<span class="op">$</span>carb, <span class="dt">decimal =</span> <span class="dv">2</span>) </a></code></pre></div>
<div class="sourceCode" id="cb3"><pre class="sourceCode R"><code class="sourceCode r"><a class="sourceLine" id="cb3-1" title="1"><span class="co">## [1] 0.47</span></a></code></pre></div>
</div>
<div id="correlation-coeficient-using-pearson-method" class="section level2">
<h2 class="hasAnchor">
<a href="#correlation-coeficient-using-pearson-method" class="anchor"></a>correlation Coeficient using pearson Method</h2>
<div class="sourceCode" id="cb4"><pre class="sourceCode r"><code class="sourceCode r"><a class="sourceLine" id="cb4-1" title="1"><span class="co"># Example: </span></a>
<a class="sourceLine" id="cb4-2" title="2"><span class="co"># source("R/corr_coef_pearson.R")</span></a>
<a class="sourceLine" id="cb4-3" title="3"><span class="kw">corr_coef_pearson</span>(<span class="dt">variable1=</span> mtcars<span class="op">$</span>disp, <span class="dt">variable2=</span>mtcars<span class="op">$</span>hp, <span class="dt">decimal =</span> <span class="dv">2</span>)</a></code></pre></div>
<div class="sourceCode" id="cb5"><pre class="sourceCode R"><code class="sourceCode r"><a class="sourceLine" id="cb5-1" title="1"><span class="co">## [1] 0.79</span></a></code></pre></div>
</div>
<div id="correlation-coeficient-using-spearman-method" class="section level2">
<h2 class="hasAnchor">
<a href="#correlation-coeficient-using-spearman-method" class="anchor"></a>correlation Coeficient using spearman Method</h2>
<div class="sourceCode" id="cb6"><pre class="sourceCode r"><code class="sourceCode r"><a class="sourceLine" id="cb6-1" title="1"><span class="co"># Example:</span></a>
<a class="sourceLine" id="cb6-2" title="2"><span class="co"># source("R/corr_coef_spearman.R")</span></a>
<a class="sourceLine" id="cb6-3" title="3"><span class="kw">corr_coef_spearman</span>(<span class="dt">variable1=</span> cars<span class="op">$</span>speed, <span class="dt">variable2=</span>cars<span class="op">$</span>dist, <span class="dt">decimal =</span> <span class="dv">2</span>)</a></code></pre></div>
<div class="sourceCode" id="cb7"><pre class="sourceCode R"><code class="sourceCode r"><a class="sourceLine" id="cb7-1" title="1"><span class="co">## [1] 0.83</span></a></code></pre></div>
</div>
<div id="correlation-scatter-plot" class="section level2">
<h2 class="hasAnchor">
<a href="#correlation-scatter-plot" class="anchor"></a>Correlation Scatter Plot</h2>
<div class="sourceCode" id="cb8"><pre class="sourceCode r"><code class="sourceCode r"><a class="sourceLine" id="cb8-1" title="1"><span class="co"># Example: </span></a>
<a class="sourceLine" id="cb8-2" title="2"><span class="co"># source("R/corr_scatterly.R")</span></a>
<a class="sourceLine" id="cb8-3" title="3">spearman&lt;-<span class="st"> </span><span class="kw">corr_coef_spearman</span>(<span class="dt">variable1=</span> cars<span class="op">$</span>speed, <span class="dt">variable2=</span>cars<span class="op">$</span>dist, <span class="dt">decimal =</span> <span class="dv">2</span>)</a>
<a class="sourceLine" id="cb8-4" title="4"><span class="kw">corr_scatterly</span>(<span class="dt">data=</span>cars,<span class="dt">x=</span>cars<span class="op">$</span>speed,<span class="dt">y=</span>cars<span class="op">$</span>dist,<span class="dt">corr_coef=</span>spearman,<span class="dt">xname=</span><span class="st">"speed"</span>,<span class="dt">yname=</span><span class="st">"dist"</span>)</a></code></pre></div>
<!--html_preserve-->
<div id="htmlwidget-0ad3f7a498de6d436500" class="plotly html-widget" style="width:672px;height:480px;">

</div>
<script type="application/json" data-for="htmlwidget-0ad3f7a498de6d436500">{"x":{"visdat":{"4090a315906":["function () ","plotlyVisDat"]},"cur_data":"4090a315906","attrs":{"4090a315906":{"x":[4,4,7,7,8,9,10,10,10,11,11,12,12,12,12,13,13,13,13,14,14,14,14,15,15,15,16,16,17,17,17,18,18,18,18,19,19,19,20,20,20,20,20,22,23,24,24,24,24,25],"y":[2,10,4,22,16,10,18,26,34,17,28,14,20,24,28,26,34,34,46,26,36,60,80,20,26,54,32,40,32,40,50,42,56,76,84,36,46,68,32,48,52,56,64,66,54,70,92,93,120,85],"alpha_stroke":1,"sizes":[10,100],"spans":[1,20],"type":"scatter","mode":"markers","marker":{"size":15,"opacity":0.8},"showlegend":true,"text":["42","410","74","722","816","910","1018","1026","1034","1117","1128","1214","1220","1224","1228","1326","1334","1334","1346","1426","1436","1460","1480","1520","1526","1554","1632","1640","1732","1740","1750","1842","1856","1876","1884","1936","1946","1968","2032","2048","2052","2056","2064","2266","2354","2470","2492","2493","24120","2585"],"name":"","inherit":true},"4090a315906.1":{"x":[4,4,7,7,8,9,10,10,10,11,11,12,12,12,12,13,13,13,13,14,14,14,14,15,15,15,16,16,17,17,17,18,18,18,18,19,19,19,20,20,20,20,20,22,23,24,24,24,24,25],"y":[-1.84945985401474,-1.84945985401462,9.94776642335769,9.94776642335769,13.8801751824818,17.8125839416059,21.7449927007299,21.7449927007299,21.7449927007299,25.677401459854,25.677401459854,29.6098102189781,29.6098102189781,29.6098102189781,29.6098102189781,33.5422189781022,33.5422189781022,33.5422189781022,33.5422189781022,37.4746277372263,37.4746277372263,37.4746277372263,37.4746277372263,41.4070364963504,41.4070364963504,41.4070364963504,45.3394452554745,45.3394452554745,49.2718540145985,49.2718540145985,49.2718540145985,53.2042627737226,53.2042627737226,53.2042627737226,53.2042627737226,57.1366715328467,57.1366715328467,57.1366715328467,61.0690802919708,61.0690802919708,61.0690802919708,61.0690802919708,61.0690802919708,68.933897810219,72.8663065693431,76.7987153284671,76.7987153284671,76.7987153284671,76.7987153284672,80.7311240875912],"alpha_stroke":1,"sizes":[10,100],"spans":[1,20],"type":"scatter","mode":"lines","line":{"color":"rgb(250,128,114)","width":3},"showlegend":true,"text":{},"name":"Best Fit Line","inherit":true}},"layout":{"margin":{"b":40,"l":60,"t":25,"r":10},"xaxis":{"domain":[0,1],"automargin":true,"title":"speed"},"yaxis":{"domain":[0,1],"automargin":true,"title":"dist","showlegend":true},"legend":{"orientation":"h","xanchor":"bottom","x":0.4,"y":-0.3,"bordercolor":"#333","borderwidth":2},"hovermode":"closest","showlegend":true},"source":"A","config":{"showSendToCloud":false,"displaylogo":false,"collaborate":false},"data":[{"x":[4,4,7,7,8,9,10,10,10,11,11,12,12,12,12,13,13,13,13,14,14,14,14,15,15,15,16,16,17,17,17,18,18,18,18,19,19,19,20,20,20,20,20,22,23,24,24,24,24,25],"y":[2,10,4,22,16,10,18,26,34,17,28,14,20,24,28,26,34,34,46,26,36,60,80,20,26,54,32,40,32,40,50,42,56,76,84,36,46,68,32,48,52,56,64,66,54,70,92,93,120,85],"type":"scatter","mode":"markers","marker":{"color":"rgba(31,119,180,1)","size":15,"opacity":0.8,"line":{"color":"rgba(31,119,180,1)"}},"showlegend":true,"text":["42","410","74","722","816","910","1018","1026","1034","1117","1128","1214","1220","1224","1228","1326","1334","1334","1346","1426","1436","1460","1480","1520","1526","1554","1632","1640","1732","1740","1750","1842","1856","1876","1884","1936","1946","1968","2032","2048","2052","2056","2064","2266","2354","2470","2492","2493","24120","2585"],"name":"","error_y":{"color":"rgba(31,119,180,1)"},"error_x":{"color":"rgba(31,119,180,1)"},"line":{"color":"rgba(31,119,180,1)"},"xaxis":"x","yaxis":"y","frame":null},{"x":[4,4,7,7,8,9,10,10,10,11,11,12,12,12,12,13,13,13,13,14,14,14,14,15,15,15,16,16,17,17,17,18,18,18,18,19,19,19,20,20,20,20,20,22,23,24,24,24,24,25],"y":[-1.84945985401474,-1.84945985401462,9.94776642335769,9.94776642335769,13.8801751824818,17.8125839416059,21.7449927007299,21.7449927007299,21.7449927007299,25.677401459854,25.677401459854,29.6098102189781,29.6098102189781,29.6098102189781,29.6098102189781,33.5422189781022,33.5422189781022,33.5422189781022,33.5422189781022,37.4746277372263,37.4746277372263,37.4746277372263,37.4746277372263,41.4070364963504,41.4070364963504,41.4070364963504,45.3394452554745,45.3394452554745,49.2718540145985,49.2718540145985,49.2718540145985,53.2042627737226,53.2042627737226,53.2042627737226,53.2042627737226,57.1366715328467,57.1366715328467,57.1366715328467,61.0690802919708,61.0690802919708,61.0690802919708,61.0690802919708,61.0690802919708,68.933897810219,72.8663065693431,76.7987153284671,76.7987153284671,76.7987153284671,76.7987153284672,80.7311240875912],"type":"scatter","mode":"lines","line":{"color":"rgb(250,128,114)","width":3},"showlegend":true,"text":["Correlation Coefitient R = 0.83","Correlation Coefitient R = 0.83","Correlation Coefitient R = 0.83","Correlation Coefitient R = 0.83","Correlation Coefitient R = 0.83","Correlation Coefitient R = 0.83","Correlation Coefitient R = 0.83","Correlation Coefitient R = 0.83","Correlation Coefitient R = 0.83","Correlation Coefitient R = 0.83","Correlation Coefitient R = 0.83","Correlation Coefitient R = 0.83","Correlation Coefitient R = 0.83","Correlation Coefitient R = 0.83","Correlation Coefitient R = 0.83","Correlation Coefitient R = 0.83","Correlation Coefitient R = 0.83","Correlation Coefitient R = 0.83","Correlation Coefitient R = 0.83","Correlation Coefitient R = 0.83","Correlation Coefitient R = 0.83","Correlation Coefitient R = 0.83","Correlation Coefitient R = 0.83","Correlation Coefitient R = 0.83","Correlation Coefitient R = 0.83","Correlation Coefitient R = 0.83","Correlation Coefitient R = 0.83","Correlation Coefitient R = 0.83","Correlation Coefitient R = 0.83","Correlation Coefitient R = 0.83","Correlation Coefitient R = 0.83","Correlation Coefitient R = 0.83","Correlation Coefitient R = 0.83","Correlation Coefitient R = 0.83","Correlation Coefitient R = 0.83","Correlation Coefitient R = 0.83","Correlation Coefitient R = 0.83","Correlation Coefitient R = 0.83","Correlation Coefitient R = 0.83","Correlation Coefitient R = 0.83","Correlation Coefitient R = 0.83","Correlation Coefitient R = 0.83","Correlation Coefitient R = 0.83","Correlation Coefitient R = 0.83","Correlation Coefitient R = 0.83","Correlation Coefitient R = 0.83","Correlation Coefitient R = 0.83","Correlation Coefitient R = 0.83","Correlation Coefitient R = 0.83","Correlation Coefitient R = 0.83"],"name":"Best Fit Line","marker":{"color":"rgba(255,127,14,1)","line":{"color":"rgba(255,127,14,1)"}},"error_y":{"color":"rgba(255,127,14,1)"},"error_x":{"color":"rgba(255,127,14,1)"},"xaxis":"x","yaxis":"y","frame":null}],"highlight":{"on":"plotly_click","persistent":false,"dynamic":false,"selectize":false,"opacityDim":0.2,"selected":{"opacity":1},"debounce":0},"shinyEvents":["plotly_hover","plotly_click","plotly_selected","plotly_relayout","plotly_brushed","plotly_brushing","plotly_clickannotation","plotly_doubleclick","plotly_deselect","plotly_afterplot"],"base_url":"https://plot.ly"},"evals":[],"jsHooks":[]}</script><!--/html_preserve-->
</div>
<div id="correlation-matrix-plot" class="section level2">
<h2 class="hasAnchor">
<a href="#correlation-matrix-plot" class="anchor"></a>Correlation Matrix Plot</h2>
<div class="sourceCode" id="cb9"><pre class="sourceCode r"><code class="sourceCode r"><a class="sourceLine" id="cb9-1" title="1"><span class="co"># Example: </span></a>
<a class="sourceLine" id="cb9-2" title="2"><span class="co"># source("R/matrixly.R")</span></a>
<a class="sourceLine" id="cb9-3" title="3"><span class="kw">matrixly</span>(<span class="dt">data =</span> mtcars)</a></code></pre></div>
<!--html_preserve-->
<div id="htmlwidget-801c4cb48662ce8b6647" class="plotly html-widget" style="width:672px;height:480px;">

</div>
<script type="application/json" data-for="htmlwidget-801c4cb48662ce8b6647">{"x":{"visdat":{"40901c387b6d":["function () ","plotlyVisDat"]},"cur_data":"40901c387b6d","attrs":{"40901c387b6d":{"x":["mpg","cyl","disp","hp","drat","wt","qsec","vs","am","gear","carb"],"y":["mpg","cyl","disp","hp","drat","wt","qsec","vs","am","gear","carb"],"z":[[1,-0.85,-0.85,-0.78,0.68,-0.87,0.42,0.66,0.6,0.48,-0.55],[-0.85,1,0.9,0.83,-0.7,0.78,-0.59,-0.81,-0.52,-0.49,0.53],[-0.85,0.9,1,0.79,-0.71,0.89,-0.43,-0.71,-0.59,-0.56,0.39],[-0.78,0.83,0.79,1,-0.45,0.66,-0.71,-0.72,-0.24,-0.13,0.75],[0.68,-0.7,-0.71,-0.45,1,-0.71,0.09,0.44,0.71,0.7,-0.09],[-0.87,0.78,0.89,0.66,-0.71,1,-0.17,-0.55,-0.69,-0.58,0.43],[0.42,-0.59,-0.43,-0.71,0.09,-0.17,1,0.74,-0.23,-0.21,-0.66],[0.66,-0.81,-0.71,-0.72,0.44,-0.55,0.74,1,0.17,0.21,-0.57],[0.6,-0.52,-0.59,-0.24,0.71,-0.69,-0.23,0.17,1,0.79,0.06],[0.48,-0.49,-0.56,-0.13,0.7,-0.58,-0.21,0.21,0.79,1,0.27],[-0.55,0.53,0.39,0.75,-0.09,0.43,-0.66,-0.57,0.06,0.27,1]],"key":[[1,-0.85,-0.85,-0.78,0.68,-0.87,0.42,0.66,0.6,0.48,-0.55],[-0.85,1,0.9,0.83,-0.7,0.78,-0.59,-0.81,-0.52,-0.49,0.53],[-0.85,0.9,1,0.79,-0.71,0.89,-0.43,-0.71,-0.59,-0.56,0.39],[-0.78,0.83,0.79,1,-0.45,0.66,-0.71,-0.72,-0.24,-0.13,0.75],[0.68,-0.7,-0.71,-0.45,1,-0.71,0.09,0.44,0.71,0.7,-0.09],[-0.87,0.78,0.89,0.66,-0.71,1,-0.17,-0.55,-0.69,-0.58,0.43],[0.42,-0.59,-0.43,-0.71,0.09,-0.17,1,0.74,-0.23,-0.21,-0.66],[0.66,-0.81,-0.71,-0.72,0.44,-0.55,0.74,1,0.17,0.21,-0.57],[0.6,-0.52,-0.59,-0.24,0.71,-0.69,-0.23,0.17,1,0.79,0.06],[0.48,-0.49,-0.56,-0.13,0.7,-0.58,-0.21,0.21,0.79,1,0.27],[-0.55,0.53,0.39,0.75,-0.09,0.43,-0.66,-0.57,0.06,0.27,1]],"color":{},"alpha_stroke":1,"sizes":[10,100],"spans":[1,20],"type":"heatmap"}},"layout":{"margin":{"b":40,"l":60,"t":25,"r":10},"xaxis":{"domain":[0,1],"automargin":true,"title":""},"yaxis":{"domain":[0,1],"automargin":true,"title":""},"legend":{"orientation":"h","xanchor":"bottom","x":0.45,"y":-0.3,"bordercolor":"#333","borderwidth":2,"yanchor":"top"},"scene":{"zaxis":{"title":[]}},"hovermode":"closest","showlegend":false},"source":"heatplot","config":{"showSendToCloud":false,"displaylogo":false,"collaborate":false},"data":[{"colorbar":{"title":"correlation","ticklen":2,"len":0.5,"lenmode":"fraction","y":1,"yanchor":"top"},"colorscale":[["0","rgba(68,1,84,1)"],["0.0416666666666666","rgba(70,19,97,1)"],["0.0833333333333334","rgba(72,32,111,1)"],["0.125","rgba(71,45,122,1)"],["0.166666666666667","rgba(68,58,128,1)"],["0.208333333333333","rgba(64,70,135,1)"],["0.25","rgba(60,82,138,1)"],["0.291666666666667","rgba(56,93,140,1)"],["0.333333333333333","rgba(49,104,142,1)"],["0.375","rgba(46,114,142,1)"],["0.416666666666667","rgba(42,123,142,1)"],["0.458333333333333","rgba(38,133,141,1)"],["0.5","rgba(37,144,140,1)"],["0.541666666666667","rgba(33,154,138,1)"],["0.583333333333333","rgba(39,164,133,1)"],["0.625","rgba(47,174,127,1)"],["0.666666666666667","rgba(53,183,121,1)"],["0.708333333333333","rgba(79,191,110,1)"],["0.75","rgba(98,199,98,1)"],["0.791666666666667","rgba(119,207,85,1)"],["0.833333333333333","rgba(147,214,70,1)"],["0.875","rgba(172,220,52,1)"],["0.916666666666667","rgba(199,225,42,1)"],["0.958333333333333","rgba(226,228,40,1)"],["1","rgba(253,231,37,1)"]],"showscale":true,"x":["mpg","cyl","disp","hp","drat","wt","qsec","vs","am","gear","carb"],"y":["mpg","cyl","disp","hp","drat","wt","qsec","vs","am","gear","carb"],"z":[[1,-0.85,-0.85,-0.78,0.68,-0.87,0.42,0.66,0.6,0.48,-0.55],[-0.85,1,0.9,0.83,-0.7,0.78,-0.59,-0.81,-0.52,-0.49,0.53],[-0.85,0.9,1,0.79,-0.71,0.89,-0.43,-0.71,-0.59,-0.56,0.39],[-0.78,0.83,0.79,1,-0.45,0.66,-0.71,-0.72,-0.24,-0.13,0.75],[0.68,-0.7,-0.71,-0.45,1,-0.71,0.09,0.44,0.71,0.7,-0.09],[-0.87,0.78,0.89,0.66,-0.71,1,-0.17,-0.55,-0.69,-0.58,0.43],[0.42,-0.59,-0.43,-0.71,0.09,-0.17,1,0.74,-0.23,-0.21,-0.66],[0.66,-0.81,-0.71,-0.72,0.44,-0.55,0.74,1,0.17,0.21,-0.57],[0.6,-0.52,-0.59,-0.24,0.71,-0.69,-0.23,0.17,1,0.79,0.06],[0.48,-0.49,-0.56,-0.13,0.7,-0.58,-0.21,0.21,0.79,1,0.27],[-0.55,0.53,0.39,0.75,-0.09,0.43,-0.66,-0.57,0.06,0.27,1]],"key":["1","-0.85","-0.85","-0.78","0.68","-0.87","0.42","0.66","0.6","0.48","-0.55","-0.85","1","0.9","0.83","-0.7","0.78","-0.59","-0.81","-0.52","-0.49","0.53","-0.85","0.9","1","0.79","-0.71","0.89","-0.43","-0.71","-0.59","-0.56","0.39","-0.78","0.83","0.79","1","-0.45","0.66","-0.71","-0.72","-0.24","-0.13","0.75","0.68","-0.7","-0.71","-0.45","1","-0.71","0.09","0.44","0.71","0.7","-0.09","-0.87","0.78","0.89","0.66","-0.71","1","-0.17","-0.55","-0.69","-0.58","0.43","0.42","-0.59","-0.43","-0.71","0.09","-0.17","1","0.74","-0.23","-0.21","-0.66","0.66","-0.81","-0.71","-0.72","0.44","-0.55","0.74","1","0.17","0.21","-0.57","0.6","-0.52","-0.59","-0.24","0.71","-0.69","-0.23","0.17","1","0.79","0.06","0.48","-0.49","-0.56","-0.13","0.7","-0.58","-0.21","0.21","0.79","1","0.27","-0.55","0.53","0.39","0.75","-0.09","0.43","-0.66","-0.57","0.06","0.27","1"],"type":"heatmap","marker":{"line":{"colorbar":{"title":"","ticklen":2},"cmin":-0.87,"cmax":1,"colorscale":[["0","rgba(68,1,84,1)"],["0.0416666666666666","rgba(70,19,97,1)"],["0.0833333333333334","rgba(72,32,111,1)"],["0.125","rgba(71,45,122,1)"],["0.166666666666667","rgba(68,58,128,1)"],["0.208333333333333","rgba(64,70,135,1)"],["0.25","rgba(60,82,138,1)"],["0.291666666666667","rgba(56,93,140,1)"],["0.333333333333333","rgba(49,104,142,1)"],["0.375","rgba(46,114,142,1)"],["0.416666666666667","rgba(42,123,142,1)"],["0.458333333333333","rgba(38,133,141,1)"],["0.5","rgba(37,144,140,1)"],["0.541666666666667","rgba(33,154,138,1)"],["0.583333333333333","rgba(39,164,133,1)"],["0.625","rgba(47,174,127,1)"],["0.666666666666667","rgba(53,183,121,1)"],["0.708333333333333","rgba(79,191,110,1)"],["0.75","rgba(98,199,98,1)"],["0.791666666666667","rgba(119,207,85,1)"],["0.833333333333333","rgba(147,214,70,1)"],["0.875","rgba(172,220,52,1)"],["0.916666666666667","rgba(199,225,42,1)"],["0.958333333333333","rgba(226,228,40,1)"],["1","rgba(253,231,37,1)"]],"showscale":false,"color":[[1,-0.85,-0.85,-0.78,0.68,-0.87,0.42,0.66,0.6,0.48,-0.55],[-0.85,1,0.9,0.83,-0.7,0.78,-0.59,-0.81,-0.52,-0.49,0.53],[-0.85,0.9,1,0.79,-0.71,0.89,-0.43,-0.71,-0.59,-0.56,0.39],[-0.78,0.83,0.79,1,-0.45,0.66,-0.71,-0.72,-0.24,-0.13,0.75],[0.68,-0.7,-0.71,-0.45,1,-0.71,0.09,0.44,0.71,0.7,-0.09],[-0.87,0.78,0.89,0.66,-0.71,1,-0.17,-0.55,-0.69,-0.58,0.43],[0.42,-0.59,-0.43,-0.71,0.09,-0.17,1,0.74,-0.23,-0.21,-0.66],[0.66,-0.81,-0.71,-0.72,0.44,-0.55,0.74,1,0.17,0.21,-0.57],[0.6,-0.52,-0.59,-0.24,0.71,-0.69,-0.23,0.17,1,0.79,0.06],[0.48,-0.49,-0.56,-0.13,0.7,-0.58,-0.21,0.21,0.79,1,0.27],[-0.55,0.53,0.39,0.75,-0.09,0.43,-0.66,-0.57,0.06,0.27,1]]}},"xaxis":"x","yaxis":"y","_isNestedKey":false,"frame":null}],"highlight":{"on":"plotly_click","persistent":false,"dynamic":false,"selectize":false,"opacityDim":0.2,"selected":{"opacity":1},"debounce":0},"shinyEvents":["plotly_hover","plotly_click","plotly_selected","plotly_relayout","plotly_brushed","plotly_brushing","plotly_clickannotation","plotly_doubleclick","plotly_deselect","plotly_afterplot"],"base_url":"https://plot.ly"},"evals":[],"jsHooks":[]}</script><!--/html_preserve-->
</div>
<div id="autocorrelation" class="section level2">
<h2 class="hasAnchor">
<a href="#autocorrelation" class="anchor"></a>Autocorrelation</h2>
<div class="sourceCode" id="cb10"><pre class="sourceCode r"><code class="sourceCode r"><a class="sourceLine" id="cb10-1" title="1"><span class="co">#Example:- </span></a>
<a class="sourceLine" id="cb10-2" title="2">series&lt;-<span class="st"> </span><span class="kw"><a href="https://rdrr.io/r/base/c.html">c</a></span>(mtcars<span class="op">$</span>gear, mtcars<span class="op">$</span>carb)</a>
<a class="sourceLine" id="cb10-3" title="3"><span class="kw">acf_ly</span>(series)</a></code></pre></div>
<!--html_preserve-->
<div id="htmlwidget-c28ab0e741531dd6adce" class="plotly html-widget" style="width:672px;height:480px;">

</div>
